# Created by Octave 4.0.0, Sat Aug 04 13:10:54 2018 UTC <renatoallan96@instance-1>
# name: a
# type: scalar
2


